dart0.jpg 1, 443, 40, 156, 150
dart1.jpg 1, 197, 129, 198, 197
dart2.jpg 1, 89, 70, 121, 131
dart3.jpg 1, 319, 140, 76, 70
dart4.jpg 1, 179, 81, 200, 222
dart5.jpg 1, 431, 138, 104, 100
dart6.jpg 1, 203, 105, 80, 85
dart7.jpg 1, 239, 147, 167, 188
dart8.jpg 2, 63, 244, 64, 103, 842, 215, 115, 130
dart9.jpg 1, 204, 50, 238, 225
dart10.jpg 3, 79, 89, 120, 141, 578, 117, 68, 107, 915, 138, 40, 86
dart11.jpg 1, 174, 100, 65, 60
dart12.jpg 1, 151, 57, 75, 179
dart13.jpg 1, 253, 101, 169, 169
dart14.jpg 2, 969, 66, 162, 178, 99, 77, 168, 160
dart15.jpg 1, 153, 50, 145, 140

