dart0.jpg 1 180 190 98 90
dart1.jpg 0
dart2.jpg 0
dart3.jpg 0
dart4.jpg 1 351 122 114 140
dart5.jpg 11 66 139 53 61 195 217 53 64 256 168 45 58 295 246 49 59 53 254 61 67 427 239 60 63 378 192 61 53 512 183 52 55 563 252 52 62 648 192 55 56 683 252 50 57
dart6.jpg 1 291 123 32 36
dart7.jpg 1 344 190 75 100
dart8.jpg 0
dart9.jpg 1 80 200 112 136
dart10.jpg 0
dart11.jpg 1 331 82 52 63
dart12.jpg 0
dart13.jpg 1 421 135 101 118
dart14.jpg 2 469 220 79 99 727 191 98 102
dart15.jpg 3 60 120 90 90 370 110 76 80 540 140 60 70
